 0.7631850293796348
 0.26525465164115236
 0.7386752422608738
 0.524177493031732
 0.5257601639893956
 0.9665937991777489
 0.6042009594909843
 nan
 0.7305561123949365
 0.8730797658403238
 0.8895954099996717
 0.8169287647908934
 0.8196208067518312
 0.9659576892712971
 0.9296862722906089
 0.8473759979971252
 0.6211544719500952
 nan
 0.6896350275723074
 0.9614981908305167
 0.9074397125483366
 0.6275908218521885
 0.2973612083333353
 nan
 0.7016523065288295
 0.14142917337890723
 0.8890411413849243
 0.8242304970256741
 0.43480082007320514
 0.6384819420978523
 0.5137314737202742
 0.7909775096064524
 0.42958229989326846
 0.941542612564674
 nan
 0.9216206244106272
 0.17410654763311784
 0.2650983078001699
 nan
 0.75203551106044
 0.8232927435
 0.8722840157172663
 0.6467724272933499
 0.8520056906287863
 0.9099899548515167
 0.9785214329487029
 0.8543148310897647
 0.9782794420718388
 0.314077125379648
 nan
 0.7380927750574457
 0.39596839890940644
 0.6191586753954549
 0.8340054023025352
 0.9024184832213593
 nan
 nan
 0.5021369989242874
 0.35473390557456363
 0.6537384351596198
 0.28194320787209093
 0.6974987207976144
 0.6582595867662422
 nan
 nan
 0.48758474555113906
 0.8392996415230014
 0.3568338114827522
 0.9173755481895987
 0.8987485799635188
 0.5695165449845712
 0.8492643845985107
 0.4463082731607718
 0.35831740584013827
 0.7063990217513774
 0.9110469900691829
 0.6653088417514468
 nan
 0.19225173052860955
 0.5482298890418061
 nan
 0.7485844538609894
 nan
 0.6013279788388106
 0.8563202177705995
 0.9101711985495861
 0.2316778194532864
 nan
 0.8902310550557818
 0.6896766603608666
 nan
 0.8780731241097302
 0.6260550912541458
 0.8107894594555262
 0.7299898904309583
 nan
 0.27556440878481053
 0.6150624544152558
 nan
 0.5549270339230494